
[0.0, -0.8452061389729177]
[0.0, -1.2394921513999135]
[0.0, 0.15167395114417156]
[0.0, 1.3771887970381966]
[0.0, -0.567728824940494]
[0.0, -0.1755221368595486]
[0.0, -0.221601604381005]
[1.0, 1.332626945633723]
[0.0, 1.022412096713819]
[0.0, -1.5616945253527883]
[0.0, 0.838796734627324]
[0.0, 0.1702097239259039]
[0.0, 0.5488827172942172]
[0.0, 0.30699738414675676]
[0.0, 0.04415061219670881]
[0.0, 0.6288439264543225]
[0.0, -0.3247732311537896]
[0.0, 0.8165155526519837]
[0.0, -0.7489583340928767]
[0.0, -0.1670871189549925]
[0.0, -0.05098171268452823]
[0.0, 1.011682720578578]
[0.0, 0.04327849842380773]
[0.0, 0.11104059469443264]
[0.0, -0.15586586670818975]
[0.0, 0.44020839134284867]
[0.0, 1.6946335953362004]
[1.0, 4.671055005022525]
[0.0, -0.46859164392116603]
[0.0, 0.1930704762449185]
[0.0, -1.652533651858531]
[0.0, 0.3191453939337329]
[0.0, 2.3799671793084882]
[0.0, 0.13728018486146862]
[0.0, 0.4888750531393742]
[0.0, 0.1459893580376277]
[0.0, 1.6989659544967437]
[0.0, 0.942697525564595]
[0.0, 0.8789527060277752]
[0.0, 0.022706827870552657]
[0.0, -1.2018834331731634]
[0.0, -0.0506006357252045]
[0.0, 2.310296134335969]
[0.0, -0.8082185226981529]
[1.0, 0.8542625209253586]
[0.0, -0.9679708638662669]
[0.0, 1.888019060006563]
[0.0, 2.02349779930077]
[0.0, -0.1420320413393625]
[0.0, 0.0077772147096397785]
[0.0, 0.4206566386692318]
[0.0, 1.0659068131259293]
[0.0, 0.9902194471269232]
[0.0, -0.28106245262336393]
[0.0, 0.5806686998503039]
[0.0, -0.5064205065946235]
[0.0, 0.35825484043473127]
[0.0, 0.40680567673340773]
[0.0, 0.008694289139183069]
[0.0, 0.5901716856888078]
[0.0, 0.7991044219927917]
[0.0, -0.30404894410432676]
[0.0, -0.11958929927834727]
[0.0, -0.10904058432695363]
[0.0, -0.21273223236374766]
[0.0, -0.2019727029788543]
[0.0, 1.1782726646616513]
[0.0, 0.4006737726707359]
[0.0, 0.12614535861609946]
[0.0, -0.35822848607608004]
[0.0, -0.15157183583521505]
[0.0, 1.3564903273354927]
[0.0, -0.07870947430529451]
[0.0, 0.25839477064675404]
[0.0, 0.9583837315956221]
[0.0, 0.27267921145879565]
[1.0, 1.3858293878518468]
[0.0, 0.33669327119465103]
[0.0, 1.1834222982883038]
[0.0, 1.1082311242403717]
[0.0, 0.16672373624738046]
[0.0, 0.7944019286809443]
[0.0, -0.027806692654262936]
[0.0, -1.0950789981384177]
[0.0, -0.4044587840406573]
[0.0, 1.1306817406855254]
[0.0, -0.07421372155952535]
[0.0, 0.24632894187326562]
[0.0, 0.8039598451964385]
[0.0, 0.8521521389117986]
[0.0, -0.07833949913986024]
[0.0, 0.8296441803062163]
[0.0, 1.2649674589860693]
[0.0, 1.1323036527799009]
[0.0, -0.7964769200874259]
[0.0, -0.11745528542840926]
[0.0, -0.67987723962816]
[0.0, 2.1926105716023723]
[0.0, 0.5834176672955845]
[0.0, -0.2744948090830327]
[0.0, 0.1763637786881871]
[0.0, 1.0547671405799195]
[0.0, -0.9007977616812787]
[0.0, 0.10523657771483376]
[0.0, 1.4235645611064043]
[0.0, 1.30180004347424]
[0.0, 0.5858987097525717]
[0.0, 1.0689950670553823]
[0.0, 0.6516426291550002]
[0.0, -0.4972969621823161]
[0.0, 0.525552891480184]
[0.0, -0.8587626780652406]
[0.0, 1.6921329139658239]
[0.0, 0.9699947067091343]
[0.0, -0.397044665375238]
[0.0, 1.5847649935970172]
[0.0, 1.2970292003246262]
[0.0, 0.5459861115252435]
[0.0, 1.360323798382676]
[1.0, 1.8690351768352431]
[0.0, 0.4946933040864804]
[0.0, 0.10712024606769721]
[0.0, 1.5131093707120313]
[0.0, -0.7437860352171588]
[0.0, -0.5202511540862786]
[0.0, 1.227170193461765]
[0.0, 1.8229971017652016]
[0.0, 0.1870526968854949]
[0.0, 0.6791766455634805]
[0.0, 0.5425509419823169]
[0.0, -1.2194695982050143]
[0.0, 0.8173345055188307]
[0.0, 1.0657095565914543]
[0.0, 0.8196080863461978]
[0.0, 0.261470467698511]
[0.0, -0.5648047964291802]
[0.0, 0.2828314082820806]
[0.0, 0.2902017344244225]
[0.0, 0.6765889287776947]
[0.0, -0.5809889589397321]
[0.0, 0.20351081243421326]
[0.0, 1.2992668291632805]
[0.0, 0.9968420293752311]
[0.0, 2.871102744437873]
[0.0, 0.819567311820519]
[0.0, -0.4390392318807644]
[0.0, 0.9483210380692644]
[0.0, 1.2153398244350986]
[0.0, 0.608042983802495]
[0.0, 1.3202142108549946]
[0.0, 0.21195802653719611]
[0.0, -0.7727136628904324]
[0.0, 0.408351347332335]
[0.0, 0.8181896726625824]
[0.0, -0.18820630320068246]
[0.0, -0.10810231876283277]
[0.0, 1.6309651481937952]
[0.0, 1.5270437802620955]
[0.0, 1.264639821812146]
[0.0, -0.7974483429170101]
[0.0, -0.7187330214790955]
[0.0, -0.5826179372005917]
[0.0, 1.1621133954098855]
[0.0, 1.179921558616241]
[0.0, -0.9673867171892039]
[0.0, 0.20436384793538892]
[0.0, -0.3965659439875632]
[0.0, 0.8925997455342994]
[0.0, -0.1830447278585101]
[0.0, 0.5595801841556642]
[0.0, 2.4357761536470703]
[0.0, 0.029252801816000693]
[0.0, -0.029041512458182886]
[0.0, -0.018047671914537135]
[0.0, -0.4677446292798469]
[0.0, -1.443994231164115]
[1.0, 2.9318703468264085]
[0.0, -1.6340873312557331]
[0.0, 0.6818921679076945]
[0.0, 0.603208958207265]
[0.0, 1.3456962089437274]
[0.0, 1.3234942899641648]
[0.0, -0.8568700950796385]
[0.0, -1.2963073308924065]
[0.0, -1.1225729419321782]
[0.0, 0.6546295850878412]
[0.0, 1.2980742015858393]
[0.0, 1.092042735010968]
[0.0, 1.147184106301546]
[0.0, -0.4133261359454235]
[2.0, 5.502498040219695]
[0.0, -1.0725147485017275]
[0.0, 1.1847342451413276]
[0.0, 0.6151555819809963]
[0.0, -0.7705253576269003]
[0.0, 1.6330202145145305]
[0.0, -0.6553108035894918]
[0.0, 0.8826852121328843]
[0.0, 1.0789996646933684]
[0.0, 0.22859346227585034]
[0.0, 1.2539894393468594]
[0.0, -0.3336257818268714]
[0.0, -0.17831206609124048]
[0.0, 1.8280984522040398]
[0.0, 2.126193757980986]
[0.0, 1.078095640597954]
[0.0, 1.3129121700918136]
[0.0, -0.12146644739719045]
[1.0, -0.2676066433104729]
[0.0, 1.4368568396020331]
[0.0, -0.3425130250116172]
[0.0, 2.2033517951728205]
[0.0, 1.7773495557642431]
[0.0, 1.1994849165289236]
[0.0, 1.57192539753015]
[0.0, 0.6176249579972776]
[0.0, 0.41699142560202046]
[0.0, 0.8154321100200909]
[0.0, 1.1137345293705976]
[0.0, 1.5998209023717989]
[0.0, 1.9076122363619805]
[0.0, 1.5195106528773124]
[0.0, 0.8481589657756236]
[0.0, -0.45310188712020066]
[0.0, 2.163677975130768]
[0.0, -1.2943232080036198]
[0.0, 1.3870712589231504]
[0.0, 0.5727096357583508]
[0.0, 1.251380036297836]
[0.0, 0.4221590554385122]
[0.0, 0.13074670180589829]
[0.0, 0.811344734855348]
[0.0, -0.15238293913998113]
[0.0, 0.6859244729136045]
[0.0, 0.03262959499918968]
[0.0, -1.2489081693489]
[0.0, 0.4033868349349148]
[0.0, 1.8053081289651352]
[0.0, 1.2619846783529474]
[0.0, 0.47691364709603745]
[0.0, 0.2892110787393457]
[0.0, 0.10340835316819277]
[0.0, -0.12373674000712076]
[0.0, 0.9927254016603279]
[0.0, 1.2015678296293422]
[0.0, -1.2393343152917786]
[0.0, 1.7485720034096843]
[0.0, 0.8016176565610773]
[0.0, -1.725310918854245]
[0.0, 0.9234480158445508]
[0.0, 0.28434038140056067]
[0.0, 0.6076064638720334]
[0.0, -0.7096672820584314]
[0.0, 1.924837990035019]
[0.0, -0.27093257381710667]
[0.0, -0.3715166926946385]
[0.0, 0.5633311773132244]
[0.0, -0.5135136708787615]
[0.0, 0.34798085355401526]
[0.0, 0.5317182230737509]
[0.0, 1.0060753139839305]
[1.0, 5.587281017613694]
[0.0, -1.1084138605130802]
[0.0, 0.1675964595686989]
[1.0, 2.54426237497335]
[0.0, 0.0373374301821983]
[0.0, -0.9481197266334682]
[0.0, -0.1498181209014314]
[0.0, -0.31243822571926666]
[0.0, 0.512649591645305]
[0.0, 0.3161855771227578]
[0.0, 0.3496512719719683]
[0.0, 0.23205472379447895]
[0.0, 1.7884534695148135]
[0.0, 0.4868541490395702]
[0.0, 1.5155667101336097]
[0.0, 1.8508102903360828]
[0.0, -0.24452642929094012]
[0.0, 0.22389681469965533]
[0.0, -0.1543418463753855]
[0.0, -0.9664330097769545]
[0.0, 0.2183313643587257]
[0.0, -0.4335288418223892]
[1.0, 2.605511094849395]
[0.0, 1.5042746974086103]
[0.0, 0.5967437582426978]
[0.0, 2.098944591371396]
[0.0, -1.068334722699889]
[0.0, 1.2967502093173877]
[0.0, 0.5091751339358538]
[0.0, -0.34776139928833166]
[0.0, 0.25423144084437743]
[0.0, 0.28836772589373]
[0.0, 0.9971486306048881]
[0.0, 1.0447374577041666]
[0.0, 0.3539034749293719]
[0.0, -0.21684383162071408]
[0.0, -1.1655557866651163]
[0.0, -1.7666972553565832]
[0.0, 1.2396914540025727]
[0.0, 0.3075620845738245]
[0.0, 0.06026421586051724]
[0.0, 1.137409267351234]
[0.0, -0.2564174972844674]
[0.0, 1.4694632923843525]
[0.0, 0.9636462776313289]
[0.0, 0.21661418152351813]
[0.0, 1.4499502743712653]
[0.0, 0.10520469084954975]
[0.0, 1.0926044213108377]
[0.0, -0.2178536936233844]
[0.0, -1.7378743882594478]
[0.0, 0.00582187767188045]
[0.0, -0.03134650736168135]
[0.0, 0.7756261389568465]
[0.0, -0.131475272523373]
[0.0, 2.1090719237324946]
[0.0, -0.28649902052988047]
[0.0, 1.7192454427146306]
[0.0, 0.5504697800925654]
[0.0, -1.1908665892094161]
[0.0, -0.33042485462453064]
[0.0, 0.2720959397882749]
[0.0, -0.6546981700192719]
[0.0, 1.1848399517386965]
[0.0, 0.24977157225654062]
[0.0, -0.3251267856388052]
[0.0, 2.217394289250982]
[0.0, 1.8120209393229567]
[0.0, 0.35642227817955296]
[0.0, 0.2699920471196945]
[0.0, 0.2271840723304241]
[0.0, 1.0949907125143217]
[0.0, 0.5666031752399315]
[0.0, 1.916994341393081]
[0.0, 1.889639739291698]
[0.0, 2.6897284221726134]
[0.0, -0.7474790179942724]
[0.0, -0.6750025279333978]
[0.0, 0.6314896784726092]
[0.0, 0.08293674278106411]
[0.0, 1.0917022140698327]
[0.0, -0.9452626975522306]
[0.0, 1.0370104824009243]
[0.0, 0.8895739539707235]
[1.0, 2.501672345714076]
[0.0, 0.1656661256207249]
[0.0, 2.363083478931369]
[0.0, 1.867813787922432]
[0.0, -1.4365546432211156]
[0.0, 0.6988612045161486]
[0.0, -0.25080181328819073]
[0.0, 1.653442458698496]
[0.0, -0.2854685308297722]
[0.0, -0.373888997201173]
[0.0, 1.82462653099068]
[0.0, 0.8581280595400609]
[0.0, 1.8395608319310315]
[0.0, 0.07965706722663941]
[0.0, 1.2871412700300433]
[0.0, -0.24604137408956656]
[0.0, -1.142381501593688]
[0.0, 1.1511254615786801]
[0.0, -0.6462202031775609]
[0.0, -0.23944743201377922]
[0.0, 0.008566183620856663]
[0.0, 0.6625845831491446]
[0.0, -0.29766612284014426]
[0.0, 0.5899230226289529]
[0.0, 0.9685902273447143]
[0.0, 1.3426071416643852]
[0.0, -0.22691819168123722]
[0.0, 1.0421739894313942]
[0.0, 0.17647833688200637]
[0.0, -0.9152890484654067]
[0.0, 0.46198067278094057]
[0.0, 1.0878788308000644]
[0.0, 0.18158239699101225]
[0.0, -1.0776266526813347]
[0.0, 1.022783868323536]
[0.0, 1.147424097445412]
[0.0, -0.01382834855998754]
[0.0, -1.1305807665832728]
[0.0, -0.27477097161421704]
[0.0, -1.1137051852681275]
[0.0, 0.35208519843984326]
[0.0, 0.16872111920612826]
[0.0, 1.4511541418953389]
[0.0, 0.5463983776553301]
[0.0, 0.011653584389691354]
[0.0, -0.004877532967495685]
[0.0, 0.6286935139804439]
[0.0, 1.7693182697155125]
[0.0, 1.2607353058646147]
[0.0, 1.8463098195865955]
[0.0, 0.07603650158545562]
[0.0, 1.6430822302035257]
[0.0, 0.142785287744575]
[2.0, 4.700770097997217]
[1.0, 3.4165048032365]
[1.0, 1.5763403989905653]
[0.0, 0.8732065304081404]
[0.0, 0.16426058450051106]
[0.0, 0.09610645234898574]
[0.0, 0.42582697982442386]
[0.0, 0.9537947693306481]
[0.0, 0.24106812564507996]
[0.0, 0.5005398544852849]
[0.0, 1.4123923431437462]
[0.0, 0.23921000116334198]
[0.0, -0.4765255678377071]
[0.0, 1.3317192100502118]
[0.0, -0.5126456889519798]
[0.0, 1.5621443640053216]
[0.0, -0.4497370417446248]
[0.0, 1.7440823085803974]
[0.0, 0.4580716797685636]
[0.0, -1.075151433914804]
[0.0, 0.8465157940223178]
[0.0, 1.3155828277506911]
[0.0, -0.2488097132336875]
[0.0, -0.7684546953814926]
[0.0, 1.666641923850478]
[0.0, 0.8801108789654586]
[0.0, -0.34638106227548143]
[0.0, 0.6649684328834266]
[0.0, 0.03225635051102306]
[0.0, 0.31404811828862017]
[0.0, 1.0517135190019589]
[0.0, 0.10524869668048005]
[0.0, 0.11615200991924282]
[0.0, 0.5431943968320763]
[0.0, -0.08967064854097112]
[0.0, 0.8930904977263522]
[0.0, 1.213622541578841]
[0.0, -0.3397299942158804]
[0.0, 1.679036206084366]
[0.0, 1.4056481299653192]
[0.0, 1.7948442032270182]
[1.0, 2.5194995001317477]
[0.0, 1.2836865534862267]
[0.0, 1.1861418475913015]
[0.0, -0.2383986142189358]
[0.0, 0.13064305648087124]
[1.0, 3.446081741802593]
[0.0, 0.6833026683104548]
[0.0, -0.5754787849599237]
[0.0, 0.05116949606969415]
[0.0, -0.6685941609869674]
[0.0, 0.014965750404087402]
[0.0, 0.8956454311536102]
[0.0, 0.16071696305336933]
[0.0, 0.5730678730842167]
[0.0, 1.206459457714491]
[0.0, 0.7639721961136096]
[0.0, 1.5359974998084704]
[0.0, 0.9039541218043761]
[0.0, 1.8399043582871257]
[0.0, 0.018278844449283134]
[0.0, -0.3335230980501422]
[0.0, 0.277660298919119]
[0.0, -0.29155395655034]
[0.0, -0.2926199958223182]
[0.0, -0.07002684189690858]
[0.0, 0.7772059544463409]
[0.0, 0.8411130474014389]
[0.0, 1.0865835122169663]
[0.0, 0.1035078820793658]
[0.0, 0.7246277259634613]
[0.0, 0.5936768418969459]
[0.0, 2.8171994030619305]
[0.0, 1.2401824380585194]
[0.0, 1.4628038485020178]
[0.0, 0.38432495719653614]
[1.0, 4.979229857197621]
[0.0, 0.17779668876350394]
[0.0, -0.13649960817643103]
[0.0, 1.7591928605850364]
[0.0, 0.9634645284959098]
[0.0, 1.3843808214703448]
[0.0, 1.1340757175844767]
[0.0, 0.7419616548712233]
[0.0, 1.4254515085369572]
[0.0, 0.5269577046489442]
[0.0, 1.0798270602118372]
[0.0, -0.4700437754562594]
[0.0, 1.3485033095462822]
[0.0, 1.763607553251319]
[0.0, 0.7404763554357421]
[0.0, 0.2865753966460729]
[0.0, -0.3058010827222134]
[0.0, -0.03435367513574593]
[0.0, 1.176259178660524]
[0.0, 0.9073205326057047]
[0.0, 1.7926064208315156]
[0.0, 1.2243100169727132]
[0.0, 1.0286165530206903]
[0.0, 0.5225317950345573]
[0.0, 1.0605274303323537]
[0.0, -0.2887348283956843]
[0.0, 2.01008671897128]
[0.0, 1.6512638507851682]
[0.0, -0.47005224015745195]
[0.0, 0.4428462619347342]
[0.0, 1.990383607216469]
[0.0, -0.2729913718096438]
[0.0, 0.002906324287319942]
[0.0, 0.04562518815113828]
[1.0, 0.2060557573994101]
[0.0, 0.4277212668630235]
[0.0, 0.31400157086909186]
[0.0, 0.15096177128349078]
[0.0, 0.9954069367705466]
[0.0, 0.04163768789952853]
[0.0, -0.381894218886306]
[0.0, -0.28886769956915764]
[0.0, 0.6996668326727401]
[0.0, 1.383937370655873]
[0.0, 1.1062292331197694]
[0.0, 1.1866139006779937]
[0.0, 0.8978171269255815]
[0.0, -0.5151408528017352]
[0.0, -0.05483283838621839]
[0.0, 1.542579362489501]
[0.0, 2.244369606196849]
[0.0, 1.2101163731390219]
[0.0, 0.06305239349194085]
[0.0, 0.8536187400180885]
[0.0, -1.0031811428683322]
[0.0, 0.7151845627028239]
[0.0, 1.1965351723151598]
[0.0, -0.4666280105387288]
[0.0, -0.8943189081187838]
[0.0, -1.1681364718233147]
[0.0, 1.9007820330623866]
[0.0, -0.4743174910149521]
[0.0, 0.007448876386356697]
[0.0, 0.8471900739265068]
[0.0, -0.5165848115707826]
[0.0, -0.20286175452182964]
[0.0, -0.3226791270253604]
[1.0, 0.8770870433709117]
[1.0, 2.676622716608756]
[0.0, 0.386328473148136]
[1.0, 2.8159005577830643]
[0.0, 0.5864914068128128]
[0.0, 0.4151406532169544]
[0.0, 0.9716931487854712]
[0.0, 0.6784558094763368]
[0.0, 0.9977182596396831]
[0.0, 1.4903917372369193]
[0.0, 0.35468715041110727]
[0.0, 0.9128907696385534]
[0.0, 0.3756495469877255]
[0.0, -1.144786852409286]
[0.0, -0.5325402633421475]
[0.0, -1.0779348828379602]
[0.0, 1.4723253086370507]
[0.0, -0.11844813719074801]
[0.0, -0.277671107964733]
[0.0, 1.3261183450099738]
[0.0, -1.2501671455606105]
[0.0, 0.4807588429938556]
[0.0, -1.1439767158894631]
[0.0, -1.0859326000572675]
[0.0, -0.0243704448872462]
[0.0, 0.33685165114904786]
[0.0, 1.328208876054209]
[0.0, 0.7395045194097029]
[0.0, 0.0306865123163305]
[0.0, 0.8654776146853446]
[0.0, 1.4997259218329926]
[1.0, 3.5814181879680445]
[0.0, 2.0062046183901794]
[0.0, -0.34156646598989704]
[0.0, 0.6419254922952475]
[0.0, 0.3639961094016784]
[0.0, 2.0088902009374343]
[0.0, 1.3045683679026336]
[0.0, 0.33141080207934126]
[0.0, -1.4242204006531858]
[0.0, 1.1576311782940338]
[0.0, 2.185894816881254]
[0.0, 1.576557465744715]
[0.0, 1.6738428749269134]
[0.0, 0.8140818307545619]
[0.0, 1.857031245074757]
[0.0, 2.6677479966271145]
[0.0, 0.03404014160942913]
[0.0, -1.0444899195299842]
[0.0, 1.063742262336676]
[0.0, -0.6953644087756589]
[0.0, 0.9920314293703398]
[0.0, 0.6607445413329229]
[0.0, 0.10034383674200255]
[0.0, 1.299840935106986]
[0.0, -0.019363187193725165]
[0.0, -0.9329849694063047]
[0.0, 1.8094657625290247]
[0.0, 0.14803028889493536]
[0.0, 0.045005752018492336]
[0.0, 1.0020447629742615]
[0.0, 1.806653786021355]
[0.0, 0.36731187667275333]
[0.0, 0.7937454461516289]
[0.0, 1.7442215400023955]
[0.0, 1.1432315646952635]
[0.0, 1.168423567815514]
[0.0, 0.06268476838545228]
[0.0, 1.2591574272334387]
[0.0, 0.5536822000026782]
[0.0, 0.8972686402614231]
[0.0, -1.3500516020093083]
[0.0, -0.5652187647941027]
[0.0, 0.5034886310443936]
[0.0, 0.13975138710730697]
[0.0, -0.047551105090325396]
[0.0, 0.057732427974706235]
[0.0, 0.11268131942420478]
[0.0, -0.09757895286334858]
[0.0, -0.3154520829389898]
[0.0, -0.4228342826010611]
[0.0, -0.26712923943108907]
[0.0, 0.6765556022904492]
[0.0, -0.6719816130922951]
[0.0, 0.5553526455986498]
[0.0, -0.4266322660286919]
[0.0, 0.7532506346028094]
[0.0, 0.3725494329495564]
[0.0, 0.5077321278713526]
[0.0, 0.14252732363100742]
[0.0, -0.5930183049663582]
[0.0, 0.8797193296075464]
[0.0, 1.8649288134570994]
[0.0, 0.04289859690081339]
[0.0, -0.7951219222537483]
[0.0, -0.32268342174048187]
[0.0, -0.3863635863397959]
[0.0, 1.657402667651596]
[0.0, 1.6756625481397098]
[0.0, -0.6458179211732581]
[0.0, 1.2239248841819081]
[0.0, 0.7821890050878846]
[0.0, 1.697331084205756]
[0.0, 0.4872676410714845]
[0.0, -0.9746691890583016]
[0.0, -0.8688092211881152]
[0.0, -0.8592022965992621]
[0.0, -1.0099177901270042]
[0.0, 1.489312960769652]
[0.0, -0.16356172065869767]
[0.0, 1.1644454767891628]
[0.0, -0.18862303739102024]
[0.0, 0.3125422158719957]
[0.0, 2.022020447512073]
[0.0, 1.053967822522465]
[0.0, -0.38876992820037337]
[0.0, 1.476625777134301]
[1.0, 0.8176549387287233]
[0.0, 1.1396682975002268]
[0.0, 0.5881039987408816]
[0.0, 0.7527378565449818]
[0.0, 0.02193301418099201]
[0.0, 1.675893668859918]
[0.0, 1.4278884251801307]
[0.0, -0.46530015043565803]
[0.0, 0.13069710630595666]
[1.0, 0.7781710188367376]
[0.0, 0.9053050181906811]
[0.0, -0.07882951727616966]
[0.0, 1.4218748465992839]
[0.0, 0.03852934304196658]
[0.0, 1.2760935886457112]
[0.0, 0.5733205136703926]
[0.0, 0.3517948044621438]
[1.0, 3.8892359552373352]
[0.0, -0.5942183712918618]
[0.0, 0.009283660544372234]
[0.0, 2.246098246293663]
[0.0, -0.41312946263675254]
[0.0, 2.353850631010183]
[0.0, 0.5244549919506142]
[0.0, 0.4037253168557393]
[0.0, 1.0813951619577147]
[0.0, -0.6178126554212992]
[0.0, 1.5073846613429935]
[0.0, 0.8105669097089397]
[0.0, 0.8826555821188891]
[0.0, 0.414577610890408]
[0.0, 0.15450995646928298]
[0.0, 0.5985022679179485]
[0.0, 1.7555696484449443]
[0.0, 0.17105231689298786]
[0.0, -0.9065417723121864]
[0.0, 0.0018199954895862722]
[0.0, -1.20912518674923]
[0.0, 1.363526246120962]
[0.0, -0.6671819996352973]
[0.0, -0.5496885600027053]
[0.0, 1.1214967789931887]
[0.0, -0.3333968962625504]
[0.0, 1.8915842348067713]
[0.0, -0.5315726402927146]
[0.0, 0.16675602305397644]
[0.0, -0.22107639810833182]
[0.0, 0.5532748440525411]
[0.0, 2.3349917157333833]
[0.0, 0.441789707795502]
[0.0, -0.7718932326484704]
[0.0, 0.5309264770893526]
[0.0, 0.8093332863868489]
[0.0, -1.421331484770539]
[0.0, -0.3759747543413287]
[2.0, 3.7755215512242137]
[0.0, 2.1622322591438583]
[0.0, 1.275919891133659]
[0.0, 1.0322605099031823]
[0.0, -1.2011118322906646]
[0.0, 0.45810839236920153]
[0.0, 2.21251226843091]
[0.0, 1.768196865092174]
[0.0, 0.18546708080575963]
[0.0, 0.008535086697537532]
[0.0, 0.07229299435561502]
[0.0, 1.0155917186731647]
[0.0, -0.9496206344233878]
[0.0, 1.8268960782522632]
[0.0, 1.0503457323049028]
[0.0, 1.0318246406533134]
[0.0, 2.4154683449519294]
[0.0, 0.6009794407240617]
[0.0, 0.0633745695233539]
[0.0, -0.6138347551269694]
[0.0, 1.9881269381369844]
[0.0, -1.1720065395372232]
[0.0, -0.4350941291018009]
[0.0, 0.4752369238214814]
[0.0, -0.6156516524151082]
[0.0, 1.2987174766009852]
[0.0, 1.2619342280893042]
[0.0, 2.372375680094314]
[0.0, 0.07209763043607174]
[0.0, 1.282544874411877]
[0.0, 1.6379482184427236]
[0.0, 0.6871314054747445]
[0.0, 1.2656587595191462]
[0.0, 0.9179849210444213]
[0.0, 1.547651238079962]
[0.0, 0.24187493568498752]
[0.0, 0.6281708605262765]
[0.0, 1.5100524133475346]
[0.0, -1.643856125125916]
[1.0, 3.291331949492029]
[0.0, 2.488683664773521]
[0.0, -0.2496878456682496]
[0.0, 0.44284184776242613]
[0.0, 0.16176979239238723]
[0.0, 0.57762457310203]
[0.0, -0.09994699513369526]
[0.0, 0.6714788327311797]
[0.0, 0.5095695841670301]
[0.0, 1.6759060633829175]
[0.0, -0.43256810976763777]
[0.0, 1.013950150772594]
[0.0, 0.10953732726417685]
[0.0, 0.030591147077386055]
[0.0, 0.31174098658531185]
[1.0, 4.697044198954482]
[0.0, -0.35925157732509094]
[0.0, 0.5499469797147709]
[0.0, -1.528339028159396]
[0.0, -1.2091036463697282]
[0.0, 1.5357608628800836]
[0.0, 1.9044546037663872]
[0.0, 0.3264623260505764]
[1.0, 0.193037422022253]
[0.0, -0.5336524215951408]
[0.0, -1.6387709537837998]
[0.0, -0.4168411434562647]
[0.0, 0.8958497862068115]
[0.0, 1.6005574440293655]
[0.0, 1.402981662326252]
[0.0, -0.47094021941714637]
[0.0, -0.4987428644908156]
[0.0, -0.9872565217598214]
[0.0, 0.6066057286662799]
[0.0, 1.1832458005355118]
[0.0, 0.37391875872767827]
[0.0, 1.4852997619142656]
[0.0, 1.2550196083503995]
[0.0, 0.9192333990659768]
[0.0, 1.427293436947651]
[0.0, -0.1346094586069225]
[0.0, -0.6360443522518497]
[0.0, 0.48911190545097305]
[0.0, 1.9139878808700095]
[0.0, -0.3931108341336541]
[0.0, -0.23484029114518873]
[0.0, 0.8671679714458499]
[0.0, 0.7297869550125556]
[0.0, -0.08509495006490476]
[0.0, -0.30293215045200295]
[0.0, 0.8777061264128307]
[0.0, -1.170398239798852]
[0.0, 0.9803039796619272]
[0.0, 0.5980133394656738]
[0.0, 1.3754474363658937]
[0.0, 2.088238686148414]
[0.0, -0.2741536079607367]
[0.0, 0.4492502492272475]
[0.0, 1.0282488474361995]
[0.0, 2.166665330013971]
[0.0, 0.5139532238848938]
[0.0, 0.4520536444520191]
[0.0, 0.9906672927210798]
[0.0, 1.0859056071211566]
[0.0, 0.935561149449227]
[0.0, -0.47698899223466557]
[0.0, 1.6261330875425373]
[0.0, -0.9760258587960379]
[0.0, 0.8834375716748248]
[0.0, -0.46315659093857925]
[0.0, 0.40340390656228625]
[0.0, -0.23094825359398236]
[0.0, -1.1660104610398827]
[0.0, 1.5508520972698916]
[0.0, -0.9161244517969873]
[0.0, -0.5635656714925188]
[0.0, 2.129552457974743]
[0.0, -0.5359908286016972]
[0.0, 2.588425046413266]
[1.0, -0.2968372474991572]
[1.0, 1.6575860613585276]
[0.0, -0.2135513743298772]
[0.0, 1.473815007103867]
[0.0, -0.4184907466239274]
[0.0, 0.3990417238813083]
[0.0, 2.5883586056808863]
[0.0, -0.30544468670664804]
[0.0, 0.5867962689098785]
[0.0, 0.9938404275674587]
[0.0, 0.5004982251781954]
[0.0, -0.16713754567348582]
[0.0, 1.3672910125326674]
[0.0, -0.260908414879088]
[0.0, -0.6386014109877003]
[0.0, -0.9477411926651457]
[0.0, 0.8333037091233559]
[0.0, 0.516642472508119]
[0.0, 0.07900880542614712]
[0.0, 0.6645280832956613]
[0.0, 0.5635672071157922]
[0.0, 2.1525282252863636]
[0.0, -0.05105973452789923]
[0.0, 0.936678038629478]
[0.0, 1.278070953215156]
[0.0, 1.2788805510562773]
[0.0, 1.602487921058213]
[0.0, 1.460237286474167]
[0.0, 1.7421507479260183]
[1.0, 4.046274668593919]
[1.0, 1.5481417886784923]
[0.0, -1.3345338097083665]
[1.0, 2.528485468286057]
[0.0, 0.16378957059356286]
[0.0, -1.130140533339529]
[0.0, -1.2449125950488216]
[0.0, 1.7082242168407251]
[0.0, -0.2834312450867282]
[0.0, 1.019635581704622]
[0.0, 0.8542615948194209]
[0.0, 0.2848946031340809]
[0.0, 0.7192278263448854]
[0.0, 1.0540728853644803]
[0.0, 0.6812854632610293]
[0.0, 1.0748433591741628]
[0.0, 1.9336838978140092]
[0.0, 0.9026564227734107]
[0.0, 1.1880905900716858]
[0.0, -0.6944835728453196]
[0.0, 0.43517242344213974]
[0.0, 0.7391688823752725]
[0.0, 1.0914903941275118]
[0.0, -1.4153485953875111]
[0.0, -0.23104800852645763]
[0.0, 0.7568738912597375]
[0.0, 0.13459761173258752]
[0.0, -0.1484522834212018]
[0.0, 0.4226506821677714]
[0.0, 0.16971874283094884]
[0.0, 2.80283921147018]
[0.0, -0.5142355278030619]
[0.0, -0.5534180357339474]
[0.0, 0.9956605326996619]
[0.0, 1.1372646686875192]
[0.0, 0.3430284171709796]
[0.0, -0.15225167811304044]
[0.0, 0.7005148640872925]
[0.0, 1.2158822663673974]
[0.0, 0.7771876143846487]
[0.0, 1.5347379802532228]
[0.0, 0.632901753459705]
[0.0, 1.8922803716013556]
[0.0, -0.13422451728328927]
[0.0, -1.0829371772234986]
[0.0, 1.125719979523512]
[0.0, -0.7174804944681646]
[0.0, 0.07192714865765774]
[0.0, 1.1229309458231174]
[0.0, -0.4857300349753839]
[0.0, 0.9240734348453291]
[0.0, 0.7426992462062348]
[0.0, -0.4187173748805006]
[0.0, 0.7642063490738229]
[0.0, 1.6951349166986749]
[1.0, 2.0426544031278695]
[0.0, 0.04903985823894051]
[0.0, -0.26728431548045967]
[0.0, 1.386949283867771]
[0.0, 0.6514560671262376]
[0.0, 1.3688928149222415]
[0.0, 0.018273716706656073]
[0.0, 0.48384389226970015]
[0.0, 1.234636127865128]
[0.0, 1.8279918097769852]
[0.0, 2.05898464684987]
[0.0, -1.6218443550870911]
[0.0, -1.1480231371919472]
[0.0, 1.2527648409358743]
[0.0, 2.0485515297003696]
[0.0, 0.21560552455887488]
[0.0, -0.6772574540865323]
[0.0, 1.1546332518691687]
[0.0, 1.3571537923070727]
[0.0, 0.7539082305643308]
[0.0, -0.2521664676662828]
[0.0, -0.23306494467084732]
[0.0, -0.790648760312646]
[0.0, -0.0032301289403326855]
[0.0, 1.46474828464591]
[0.0, 1.0575268719362574]
[0.0, -0.011034899949824668]
[0.0, -0.31305232566211255]
[0.0, 1.4895999339215151]
[0.0, 0.6285774172856173]
[0.0, -0.007874018313863966]
[0.0, -0.667695601053402]
[0.0, -0.4250163620692584]
[0.0, 1.5587420223039923]
[0.0, 0.26032304234179976]
[0.0, -0.07096969748830752]
[0.0, 2.1335845827057116]
[0.0, 0.8973975403289202]
[0.0, -0.33686096024875983]
[0.0, -0.7577016914942215]
[1.0, 3.5371441687112224]
[0.0, -0.5767206131785187]
[0.0, 1.314994836154446]
[0.0, -0.85766722063938]
[0.0, 0.46279662035345553]
[0.0, -0.5323646085438316]
[0.0, -1.2071374246882758]
[0.0, 2.3517078421687945]
[0.0, 0.7277545179926569]
[0.0, 0.18316485127095236]
[0.0, -0.3810566433070063]
[0.0, 1.6038486222497412]
[0.0, 0.9627364015573054]
[0.0, 1.3772343480684044]
[0.0, 1.1921883904353943]
[0.0, -0.3145055143215264]
[0.0, 0.513713176614814]
[0.0, 0.5720219440410806]
[0.0, 0.6677007947247721]
[0.0, -0.4219929536215421]
[1.0, 0.14931717989326093]
[0.0, 0.11928506679091683]
[0.0, 2.1524417664776414]
[0.0, -1.3442757982991949]
[0.0, 0.8250699986500017]
[0.0, -0.006592931239025556]
[0.0, 1.1946491763545473]
[0.0, 2.4382312508568167]
[0.0, -1.3425383138270621]
[0.0, 1.2170793686767103]
[0.0, -0.22335031086145749]
[0.0, -1.1972572599009308]
[0.0, 0.03839832606512653]
[0.0, -0.7001007878627867]
[0.0, 1.3217907736795058]
[0.0, -0.514676710066977]
[0.0, 1.3022760513544624]
[0.0, 0.14045188934576985]
[0.0, 1.5598949192463936]
[0.0, 0.13459521528884513]
[0.0, 0.45254456103886337]
[0.0, 1.0591919595294446]
[0.0, 0.7499492427385462]
[0.0, 0.2997232418649873]
[0.0, 0.1677596661845743]
[0.0, -0.3818101707926733]
[0.0, 2.0191776067418843]
[0.0, -0.534646919992108]
[0.0, -0.31408642559928274]
[0.0, -1.514778999653215]
[0.0, 2.1378257694307083]
[0.0, 1.7445181072448404]
[0.0, 1.6475901690719514]
[0.0, -0.888225737628753]
[0.0, 1.255173166797533]
[0.0, 1.233158756953253]
[0.0, 1.4221622113846413]
[0.0, -0.2185767997806112]
[0.0, -0.5781010193836029]
[0.0, 1.0111529956230028]
[0.0, 0.9123096385746837]
[0.0, 1.077527461117129]
[0.0, 0.11605193115807225]
[0.0, 0.7597621842667314]
[0.0, 0.2008014049205446]
[0.0, -0.303990500864077]
[0.0, -0.31270316183343494]
[0.0, 1.4281565418162363]
[0.0, -0.4689402691435631]
[0.0, -0.40780444701852114]
[0.0, 1.5568125154631867]
[0.0, 1.4442664134711976]
[0.0, 1.8910887275639967]
[0.0, 0.47474405159175237]
[0.0, 0.30857950346477686]
[0.0, -0.3792172447135132]
[0.0, 1.7983437593968852]
[0.0, 1.1670983051157866]
[0.0, 1.664230899989259]
[0.0, 1.0657845091565434]
[0.0, 1.353600888867585]
[0.0, 0.9960406928490724]
[0.0, -0.3685482109542236]
[0.0, 0.8993750357868175]
[0.0, 0.5309261950024766]
[0.0, -0.5451981751354933]
[0.0, 1.207860335993412]
[0.0, 0.9572418752759375]
[0.0, 0.4935170676473748]
[0.0, -0.1628470035309191]
[0.0, -0.675400085964275]
[0.0, -0.39739717261853674]
[0.0, 0.9895218684594693]
[0.0, -0.053398100604206064]
[0.0, 2.5287992222279616]
[0.0, -0.33639145193388387]
[0.0, 0.7900241846339288]
[0.0, 0.6481723387394861]
[0.0, 0.19931919117924915]
[0.0, 1.642290245015839]
[0.0, 1.303326197142287]
[0.0, -0.9378696324361133]
[0.0, -0.6463573140618543]
[0.0, 1.2191794164218293]
[0.0, 0.02980781043906813]
[0.0, -0.37395069208372256]
[0.0, 1.3327013470320042]
[0.0, 0.06300285077632611]
[0.0, 0.7218915225939272]
[0.0, 1.239566964292399]
[0.0, 0.8751277470815212]
[0.0, 1.6868092751699857]
[0.0, -0.2541826255938161]
[0.0, -0.13139640650856657]
[0.0, -0.6646639966576273]
[0.0, 1.7483689668472957]
[0.0, 1.1542219100661961]
[0.0, 1.1090584833916508]
[0.0, 0.36316535787384563]
[0.0, 0.27793397742901266]
[0.0, 0.739395400684642]
[0.0, -0.25098693280006273]
[0.0, 0.5886724464455955]
[0.0, 1.3966329151665757]
[0.0, 1.7723059125314364]
[0.0, 0.291937795959295]
[0.0, -1.309677218705951]
[0.0, 0.5858222744892755]
[0.0, 2.0296954252890744]
[0.0, 1.4954712004348476]
[0.0, 1.0206632613416715]
[0.0, 0.4391811330241916]
[0.0, -0.7223353252738176]
[0.0, 1.7753635559644498]
[0.0, 0.846056909834323]
[0.0, -0.25920612785417474]
[0.0, 1.1771907872970635]
[0.0, 0.725977546269818]
[0.0, 1.7060311687611267]
[0.0, 0.7174648644143853]
[0.0, 1.8016963958333096]
[0.0, 0.7707468569427935]
[0.0, -0.581811552894927]
[0.0, 1.4111012223217525]
[0.0, 0.04727752140545395]
[0.0, -1.6238944266260005]
[0.0, -1.203144217225927]
[0.0, 1.3869003478724578]
[0.0, 0.8742241701143079]
[0.0, -0.7985381500388803]
[0.0, -0.20836621595764687]
[0.0, -0.0744253849782728]
[0.0, -1.1005661168288112]
[0.0, -1.397678574852298]
[0.0, 0.19387179107677338]
[0.0, 0.3447851159318851]
[0.0, 2.04015590885868]
[0.0, 1.7045190129919157]
[0.0, 1.509812732453576]
[0.0, -0.16824858697940825]
[0.0, 1.113213057691084]
[0.0, 0.4915923424570705]
[0.0, 0.9340870203777698]
[0.0, 0.02903312165216533]
[0.0, 0.7546755556314483]
[0.0, 1.1294125793213785]
[0.0, 0.4006789293381613]
[0.0, 1.633886050253841]
[0.0, 0.7596429700346811]
[0.0, -0.33519650769254294]
[0.0, 0.5342190627708795]
[0.0, -1.1012145154431097]
[0.0, 0.6440504577384766]
[0.0, 1.0816441941872168]
[0.0, 0.10169359648384078]
[1.0, 1.5062611178742789]
[0.0, 1.5900773751068633]
[0.0, 0.20289681156402717]
[1.0, 0.9880565368676979]
[0.0, 0.5222828712701288]
[0.0, 1.3680656990014788]
[0.0, 1.7146993876153274]
[0.0, 2.119189513276856]
[0.0, -0.42807991629319647]
[0.0, 0.14552515389192838]
[0.0, 0.49296127212512825]
[0.0, 0.7168177074218807]
[0.0, -0.2998187081687433]
[0.0, 0.566191071477841]
[0.0, 0.01138557535718233]
[0.0, -0.7893288470545293]
[0.0, 0.37054564381082133]
[0.0, 0.311641868033758]
[0.0, 2.0840445792200857]
[0.0, -0.09774520502579703]
[0.0, -1.754556840716116]
[0.0, 1.356891079699988]
[0.0, 1.6964628586870416]
[0.0, -0.15752917414840703]
[0.0, 1.779947728438687]
[0.0, 0.8966492539231595]
[0.0, 1.670934123353245]
[0.0, -0.9673173719519498]
[0.0, 1.7183595815944663]
[0.0, 0.8663404472946296]
[0.0, 0.8394554753886239]
[0.0, 1.1650393274282984]
[0.0, -0.434470335564311]
[0.0, 0.18512234382550052]
[0.0, 0.4652267321183065]
[0.0, 0.7571951580113839]
[0.0, -1.373560640557888]
[0.0, 1.4432870644328768]
[0.0, 1.5165398767833953]
[0.0, 0.030716021655555197]
[0.0, 1.0439319174254238]
[0.0, 0.8209335202537976]
[0.0, -0.2924616504480959]
[0.0, 0.048817178927960905]
[0.0, 0.9745602349818608]
[0.0, 1.3294779286796923]
[0.0, -0.03494930187274136]
[0.0, -0.18847958002752588]
[0.0, -0.5905436688160276]
[0.0, 1.1648807713429417]
[0.0, 0.4282958299522671]
[0.0, -0.07045505466731612]
[0.0, 0.9660033005010619]
[0.0, -1.2974074499633335]
[0.0, 0.2732827599949396]
[0.0, 0.5185132492171541]
[0.0, 2.111493675294125]
[0.0, 0.20847998425775027]
[0.0, 0.2918418341932552]
[0.0, 0.9663270133193681]
[0.0, -1.2504112333816413]
[0.0, 1.2356168430142855]
[0.0, 1.210596106080005]
[0.0, 1.7497902205767564]
[0.0, 0.5100228543691175]
[0.0, 1.236877821413465]
[0.0, 0.1474068003093371]
[0.0, 0.9842208913685032]
[0.0, -0.4901050646655396]
[0.0, -0.06451724039584408]
[0.0, 2.5408895773076567]
[0.0, 0.657477306113977]
[0.0, 1.0883428563380435]
[0.0, 1.3510383146482052]
[0.0, -0.33185817822392555]
[0.0, 1.7132594474845992]
[0.0, 0.044000689876240055]
[0.0, 0.3092112118454232]
[0.0, -1.3493138940600795]
[0.0, 1.2525352368214686]
[0.0, 0.5690084117895765]
[0.0, -0.1233219776299736]
[0.0, -0.34831756195281044]
[0.0, 2.027789757436709]
[0.0, 1.9736960084688202]
[0.0, -0.24860359408880328]
[0.0, 0.5819308281673649]
[0.0, 1.2448268852643098]
[0.0, -0.7965394925389707]
[0.0, 1.3101749550100856]
[0.0, 1.6354694368941662]
[0.0, 0.8383227928475001]
[0.0, 0.4754646678305835]
[0.0, 0.22643823429825818]
[0.0, 0.10582051131415213]
[0.0, 1.6801487631077856]
[0.0, -0.2865806750835742]
[0.0, -0.1870061509353728]
[0.0, -0.15825694739470916]
[0.0, -1.0446117252439795]
[0.0, -0.6684143433455387]
[0.0, 1.933261307944709]
[0.0, -0.22241905434167417]
[0.0, 1.3420570220757597]
[1.0, 4.142744319213392]
[0.0, 0.4056024135906484]
[0.0, 0.6281418796711585]
[0.0, -0.8309670143291056]
[0.0, 0.23208286741853168]
[0.0, -0.3315875767602508]
[0.0, 0.46373539685302306]
[0.0, 1.337816471639837]
[0.0, 0.10988857077688342]
[0.0, 0.022051455793286004]
[0.0, 0.357427423499181]
[0.0, -0.7845697541950732]
[0.0, 0.4938343342179578]
[0.0, 2.049332031674333]
[0.0, 0.8454799392665975]
[0.0, 0.12211300902570107]
[0.0, 0.1083977876186531]
[0.0, 0.2869291410659113]
[0.0, 1.0880063023008817]
[0.0, 0.7923573689438532]
[0.0, 0.2375884562204449]
[0.0, -0.08502402496803171]
[0.0, -0.6381255156537428]
[0.0, -1.2783276565496577]
[0.0, -0.1819782170629002]
[0.0, 0.9948052726662898]
[0.0, 1.711554260199848]
[0.0, 2.268845411457292]
[0.0, -0.2784477513576655]
[0.0, 1.0164790039369254]
[0.0, 0.4675104785392016]
[0.0, 0.4221453654634168]
[0.0, -0.2756302990823769]
[0.0, 0.032043540406994]
[0.0, 0.684166605734311]
[0.0, 1.4495196683867884]
[0.0, 1.1084974327270276]
[0.0, 1.7725941182076208]
[0.0, -0.5045080160925773]
[0.0, 0.011574524781669142]
[0.0, 1.2938572955422363]
[0.0, -0.046925849839474926]
[0.0, -0.6223056312110893]
[0.0, 1.017271372134136]
[0.0, 1.397853457168988]
[0.0, -0.3261840770496086]
[0.0, -0.7928294234657071]
[0.0, 0.9894474004605359]
[0.0, 1.0305082944664183]
[0.0, -1.356817346594967]
[0.0, 1.361825416998339]
[0.0, -0.4162993182031491]
[0.0, 1.1420418165640958]
[0.0, 1.5923151675368097]
[0.0, 0.40566668094053177]
[0.0, 0.7665807109143471]
[0.0, 1.4575578068637522]
[0.0, 0.22205743859293095]
[0.0, 0.8920424137559403]
[0.0, 0.6596458138961394]
[0.0, 0.1568804097551878]
[0.0, 0.7985848467063769]
[0.0, 1.5678879673767772]
[0.0, 0.992595070875942]
[0.0, 1.3241363886425972]
[0.0, 1.7737282956969933]
[0.0, 0.19489151809969055]
[0.0, -1.5490314370202778]
[0.0, 0.18670348092399108]
[0.0, 0.2782416435762416]
[0.0, 1.4447343267575066]
[0.0, 1.1323818161981392]
[0.0, 2.0985018939624265]
[0.0, -0.4933873729186086]
[0.0, 0.2231926445067971]
[0.0, -0.12270237591450031]
[0.0, -0.829019012210308]
[0.0, 1.194891875314849]
[0.0, 0.30697758141334464]
[0.0, -0.2832545321706203]
[0.0, 0.9215490688704796]
[0.0, 1.3683130521066036]
[0.0, 0.28555215995151256]
[0.0, -0.010412497613778927]
[0.0, 0.35387156316600893]
[0.0, 1.2741197097898385]
[0.0, 0.7771254669609626]
[0.0, -0.45216678448131475]
[0.0, -0.8539086199457172]
[0.0, 0.7199501113544219]
[0.0, -0.0400172569820819]
[0.0, 0.8557504008282548]
[0.0, -0.6792507267708137]
[0.0, 0.9352245229383997]
[0.0, 0.712028711942773]
[0.0, -0.4559794064949869]
[0.0, 0.40158245446405394]
[0.0, 1.4290756737973838]
[0.0, 1.2580160833931073]
[0.0, 0.15599463440132325]
[0.0, 0.41475949560119074]
[0.0, -0.25762835988597543]
[0.0, 2.464644481044465]
[0.0, 1.283688237964133]
[0.0, 0.1408915207760054]
[0.0, 0.31687622059900805]
[0.0, 0.25259108073982867]
[0.0, 1.0415529282012397]
[0.0, 0.6285076945960181]
[0.0, 1.0928200200406581]
[0.0, 0.3644742579529839]
[0.0, -0.07640253452196898]
[0.0, -1.2256934483154358]
[0.0, 0.1216172037915215]
[0.0, -0.9163103083256148]
[0.0, -1.196490325375315]
[0.0, -0.774824413161951]
[0.0, 0.7625334072975549]
[0.0, 0.6129244496613246]
[0.0, 2.1361737044787685]
[0.0, -0.1510264123858051]
[0.0, 0.21208326297345234]
[0.0, -0.23788148347339824]
[0.0, 1.437876672844872]
[0.0, 0.996706403946956]
[0.0, -0.5075578741056347]
[0.0, -0.8461015190465159]
[0.0, 0.3296976581467737]
[0.0, -0.6561353633728477]
[0.0, 2.5685276032542794]
[0.0, 0.5506686403103684]
[0.0, 0.24354835094124738]
[0.0, -0.09197386446932825]
[0.0, 0.056540724260314285]
[0.0, -0.4845084298646352]
[0.0, 1.0160373256111557]
[0.0, 0.4385017300108299]
[0.0, -0.10285485034822034]
[0.0, 0.10026157594252422]
[0.0, -0.07455220860518405]
[0.0, 1.5938605107595032]
[0.0, -1.0495369542888378]
[0.0, 0.2620948841121643]
[0.0, 0.5681670663818833]
[0.0, 1.097037317775619]
[0.0, 1.2271239376691534]
[0.0, 0.4447971499731789]
[0.0, -0.4964216403887593]
[0.0, -0.9854924958729017]
[0.0, -0.1421628905177511]
[0.0, 0.10493618483544692]
[0.0, 2.1346173748643937]
[0.0, 0.9039763077962067]
[0.0, 1.4703870475916514]
[0.0, 1.996925623242441]
[0.0, 0.7560133091736483]
[0.0, -0.7870478233034299]
[0.0, 1.0600612625167614]
[0.0, 1.2464758766858404]
[0.0, 1.599347024364583]
[0.0, -0.23639959015064124]
[0.0, 0.690660684028753]
[0.0, 0.8102453824990907]
[0.0, 1.1334058147141697]
[0.0, 0.7488351333393714]
[0.0, -0.8998934735882073]
[0.0, 2.1526246461957115]
[0.0, -0.7252270519194481]
[0.0, 1.1777526226085477]
[0.0, 0.9270744063944272]
[0.0, -0.5341464454860834]
[0.0, 1.0600506111331867]
[0.0, 2.7765190516647142]
[0.0, -0.0535954145118141]
[0.0, -0.961558701831865]
[0.0, 0.8040003334950416]
[1.0, 1.9893410766120572]
[0.0, 1.711855196485965]
[0.0, -0.6231269628375175]
[0.0, 0.6083353632935696]
[0.0, 0.554456812297213]
[0.0, 0.3213934792842468]
[0.0, 0.7551110273391191]
[0.0, 1.0656332961340753]
[0.0, 0.9366538121381144]
[0.0, 0.15062069699254643]
[0.0, 0.10598921235715551]
[0.0, -0.5222308889102116]
[0.0, 0.874308423221109]
[0.0, 0.8947979608418534]
[0.0, -0.8331881370400819]
[0.0, 0.12132121757870702]
[0.0, -0.3071848379803073]
[0.0, -1.1998707123130214]
[0.0, 1.4169218819646232]
[0.0, -0.4549219474240323]
[0.0, 1.1030788964577998]
[0.0, 0.11298211680799897]
[0.0, 1.651778420064948]
[0.0, 1.6674560286816837]
[0.0, -1.5295507852046961]
[0.0, 0.8874592927134259]
[0.0, 0.7870013126279745]
[0.0, 0.7437875679039426]
[0.0, 1.9732602262977614]
[0.0, -0.13001985358531473]
[0.0, 1.8806493683517007]
[0.0, -0.0061150023668588415]
[0.0, 0.08097769099229774]
[0.0, 1.166010399121799]
[0.0, 2.3666696500681152]
[0.0, 0.016512763312499984]
[0.0, -0.021573762666935885]
[0.0, 0.8773116509310741]
[0.0, 0.5586835678530315]
[1.0, 2.0705596542241818]
[0.0, -0.2561639186478915]
[0.0, 1.9098840882080181]
[0.0, 1.9582908051072059]
[0.0, 0.43244706343102035]
[0.0, -0.2123760355288386]
[0.0, 0.6203208818694812]
[0.0, -0.6193637582363821]
[0.0, -0.9040886006206061]
[0.0, 0.9390136319658419]
[0.0, 1.8069406820455005]
[0.0, -0.8051545256766082]
[0.0, -0.1540782663831095]
[0.0, -1.400897467538667]
[0.0, -0.4152379132495216]
[0.0, 0.15170530645209424]
[0.0, 0.9238864007170237]
[0.0, -0.5118320403897602]
[0.0, 1.4687394786910413]
[0.0, 0.9759890836667022]
[0.0, 0.872736224169364]
[0.0, 0.9115465994336907]
[0.0, -0.6299253568821704]
[0.0, -0.018996549417098118]
[0.0, 0.9056996244634268]
[0.0, -0.2756557583522202]
[0.0, -0.18296263714702657]
[0.0, 1.2892049754039607]
[0.0, -0.16047871097429045]
[0.0, 0.4849655526909039]
[0.0, 0.8295129025230283]
[0.0, 1.1171552680761583]
[0.0, 0.010941905556969538]
[0.0, 1.1293453258061905]
[0.0, -0.020735471361296942]
[0.0, 1.4885100624763157]
[0.0, 0.22423589923168127]
[0.0, 1.6172446089809536]
[0.0, 1.2207667687503556]
[0.0, 0.7642544284111595]
[0.0, 0.36021608150040224]
[0.0, -0.4526090555682152]
[0.0, 0.3582297784500736]
[0.0, 1.4923545009178485]
[0.0, 1.1805964424549502]
[0.0, 0.01674641027611819]
[0.0, 0.555118607769263]
[0.0, -0.3923302676348459]
[0.0, 1.046483672426314]
[0.0, 0.8120887072029198]
[0.0, 1.3465941532917565]
[0.0, 0.5807419905374773]
[0.0, 0.4739360863889516]
[0.0, -0.30578019057840505]
[0.0, -1.5918628313079506]
[0.0, -0.05205794089606627]
[0.0, 0.04958243228257905]
[0.0, -1.416309735316205]
[0.0, 0.2564296690603479]
[0.0, -0.3976235274064706]
[0.0, 0.2094151981638366]
[0.0, -0.7770761884903844]
[0.0, 0.6242343853559462]
[0.0, 0.5474655221073523]
[0.0, 1.7387178178217093]
[0.0, 1.0967315097050812]
[0.0, 0.9474455780446015]
[0.0, 0.5902448576047522]
[0.0, 1.3629266158685858]
[0.0, -0.023766451059744606]
[0.0, 1.097850012006615]
[0.0, 2.174396229881151]
[0.0, -0.042915417216570155]
[0.0, -0.17932785002638352]
[0.0, -0.650181123430074]
[0.0, 0.10608185881691655]
[0.0, -0.16089496933344208]
[0.0, 0.6891690428935267]
[0.0, 1.22494435061738]
[0.0, 1.2857445573815454]
[0.0, 2.013114151351303]
[0.0, 1.092434903326671]
[0.0, -0.39165403953011996]
[0.0, 0.44827478429340856]
[0.0, -0.3750894786548229]
[0.0, 0.6288016246889746]
[0.0, -1.6774213558550446]
[0.0, -0.411691876099859]
[0.0, -0.18522691257963922]
[0.0, -0.3824475766981849]
[0.0, 0.9651171277133604]
[0.0, 0.3124285460983808]
[0.0, -0.7142830447141107]
[0.0, 0.5645945620569798]
[0.0, 1.4464583028754876]
[0.0, 1.6788807099459662]
[0.0, 0.5736470405987959]
[0.0, -1.445364203989922]
[0.0, 1.1993497037038734]
[0.0, 0.4219025220404176]
[0.0, 0.49063258102982193]
[0.0, 0.6654227023633125]
[0.0, -0.854528403012749]
[0.0, 0.09578754546529655]
[0.0, 0.365466580565615]
[0.0, 2.0672323786946674]
[0.0, 0.9325387447982143]
[0.0, -0.488510471494752]
[0.0, -1.1212951917186098]
[0.0, 0.6109467803162472]
[0.0, 1.9447640515568936]
[0.0, 1.4421660014611741]
[0.0, 1.3461062849717684]
[0.0, -0.052923483521292766]
[0.0, 0.12072495417618716]
[0.0, 2.7594969367167868]
[0.0, 0.5896807100343806]
[0.0, 1.9603622633001703]
[0.0, 0.9027850436291287]
[0.0, 1.7443541227415649]
[0.0, -0.23602444359539382]
[0.0, 1.4088902316145742]
[0.0, 1.1542573812995145]
[0.0, -0.21248654102679498]
[0.0, -0.004382462381464308]
[0.0, 0.05954163197835227]
[0.0, -0.36712760702819913]
[0.0, 0.9557124938102722]
[0.0, 0.8134006382489098]
[0.0, -0.9083339830682718]
[0.0, -1.1260267201233023]
[0.0, 0.42620695758876304]
[0.0, 0.6058273252575851]
[0.0, 0.11679604171786778]
[0.0, 1.896422310194728]
[0.0, 1.6360191600260752]
[0.0, 0.1709523588211711]
[0.0, 1.553792526186458]
[0.0, -0.21244900332412753]
[0.0, 0.5562638759134162]
[0.0, -0.3946514747806393]
[0.0, -1.7213187626899005]
[1.0, 1.5919444613515628]
[0.0, 0.8585460078784273]
[0.0, -0.13595973440517894]
[0.0, -0.32290629783483865]
[0.0, 0.03628526551383156]
[0.0, -0.08408828347426514]
[0.0, 0.5668665902936005]
[0.0, 0.729386818721578]
[0.0, 0.5566492236017987]
[0.0, 1.0115427377371413]
[0.0, 1.3594988315470775]
[0.0, 2.194073194810758]
[0.0, 0.6991634845379653]
[0.0, 0.5867362738464093]
[0.0, 0.3884797806664228]
[0.0, 0.45949597264287106]
[0.0, -0.763333997000827]
[0.0, 0.22167137229308895]
[0.0, 0.2993909488608114]
[0.0, -0.09674165213066296]
[0.0, 0.4738810378714028]
[0.0, -0.9246559679338651]
[0.0, 1.4668321946735396]
[0.0, -0.05244891432998517]
[0.0, 0.5779862416551207]
[0.0, -0.9776566865289474]
[0.0, 0.21242757364322098]
[0.0, 1.5878099385474085]
[0.0, 0.7213307138296398]
[0.0, 0.6768550973587416]
[0.0, -0.1949062418373511]
[0.0, -0.3918884751640701]
[0.0, 1.0278576025922461]
[0.0, 0.11969331980359695]
[0.0, 0.35482754716705506]
[0.0, 0.10563992084006578]
[0.0, 0.5380455903920277]
[0.0, 2.007531830749886]
[0.0, 2.0097796980418168]
[0.0, 1.518484171917071]
[0.0, -0.5541969282803952]
[0.0, -1.2933836646870478]
[0.0, -0.4146396875732876]
[0.0, 0.9974899245192019]
[0.0, -0.03128013461213679]
[0.0, -1.1086864569395145]
[0.0, 0.9422527286308627]
[0.0, -1.0438202251528776]
[0.0, 0.20713785732524628]
[0.0, 0.4114836294342625]
[0.0, 0.2291719072957363]
[0.0, -0.836813681716738]
[0.0, -1.3714395513752515]
[0.0, 0.6413938418947156]
[0.0, 0.21120725700057175]
[0.0, 2.241445332303685]
[0.0, 0.9292964730071376]
[0.0, -0.6977671695571862]
[1.0, -0.3919115821819374]
[0.0, 0.6192362310323867]
[0.0, 1.1707023833371917]
[0.0, 0.8711149108709724]
[0.0, -0.5918526527221392]
[0.0, 0.13554045803444947]
[0.0, -0.3957176747445961]
[0.0, -0.3919358811370812]
[0.0, -0.09601181025153094]
[0.0, 2.186006554573331]
[0.0, -0.619196767633007]
[0.0, 0.7309231217870137]
[0.0, -0.2586406006303825]
[1.0, 1.765929713957824]
[0.0, 1.0534479810823307]
[0.0, -0.6004142450458227]
[0.0, 1.3276601374037393]
[0.0, 1.8430705766203253]
[0.0, 0.7308719331265677]
[0.0, 1.3022335176306328]
[0.0, -0.13758280622453792]
[0.0, 1.0789184102181488]
[0.0, -0.5132375401266888]
[0.0, 0.46635257567019045]
[0.0, 0.5752474240628846]
[0.0, 1.356974483320795]
[0.0, 0.32588573308582036]
[0.0, 1.139741882503952]
[0.0, 0.7259352217525581]
[0.0, -0.3525740426054648]
[0.0, -0.722872242362042]
[0.0, -0.8307030595687642]
[0.0, -0.8586797791545142]
[0.0, 0.43968771050829214]
[0.0, -0.3060055553577388]
[0.0, 0.7527133342482196]
[0.0, -0.10653783068192518]
[0.0, 0.9129742082704849]
[0.0, 0.8669297374032239]
[0.0, 0.45170163350604675]
[0.0, -0.42538332806618356]
[0.0, -1.3778128476124294]
[0.0, 1.2446359920822418]
[0.0, 1.4999237159381684]
[0.0, 0.5044486851345226]
[0.0, 1.055847223134159]
[0.0, 0.2060659197026477]
[0.0, 0.03577332216014908]
[0.0, 0.5363268373979468]
[0.0, 1.3130550596534245]
[0.0, -0.07396204553164945]
[0.0, 0.5980626547232152]
[0.0, 1.2345770972592058]
[0.0, 1.1517107572257586]
[0.0, 0.8067349222809205]
[0.0, 1.6858961782950235]
[0.0, 0.804647105442254]
[0.0, -0.6563448590373142]
[0.0, 0.9746932452452332]
[0.0, 2.091289538434625]
[0.0, -0.23679893508077673]
[0.0, 0.026709431971115666]
[0.0, 1.0759442654053917]
[0.0, 0.006098362903088149]
[0.0, -1.1556085719483218]
[0.0, -0.36955687738877185]
[0.0, -0.8839645408476657]
[0.0, -0.20956716196445418]
[0.0, 2.3573664701573818]
[0.0, 0.752388376683767]
[0.0, 1.2772301576906027]
[0.0, -0.3572148623195046]
[0.0, -0.3377294772217506]
[0.0, 0.4895302199537601]
[0.0, 0.47176657606133565]
[0.0, 1.763049110132885]
[0.0, 1.7443695817392766]
[0.0, 0.11029627759263884]
[0.0, -0.36608758978386535]
[0.0, 1.279735150840325]
[0.0, 0.38306565867920467]
[0.0, 1.7645074274448125]
[0.0, 0.9806015154262868]
[0.0, 0.470173833811419]
[0.0, 0.3550866990859346]
[0.0, -0.07945591577673045]
[0.0, -0.707452078921826]
[0.0, -1.4963167645205218]
[0.0, 0.8745293483684295]
[0.0, -0.30028470911905303]
[0.0, -0.4039317249600102]
[0.0, 0.4241005852373469]
[0.0, -0.460851994524686]
[0.0, 0.16668056727874486]
[0.0, -0.17131648517362416]
[0.0, 1.3924854786601182]
[0.0, 1.427639198183412]
[0.0, 0.2460246033962154]
[0.0, -1.335697615092263]
[0.0, -0.6714384158858246]
[0.0, -0.08925311092276646]
[0.0, 1.306069615950787]
[0.0, -1.2469580439360897]
[0.0, 0.2612182070303596]
[0.0, 0.011992143059056076]
[0.0, 1.75469342771262]
[0.0, -0.8864061988476223]
[0.0, 1.7297088139850412]
[0.0, -0.670994518232361]
[0.0, 0.5034200189783582]
[0.0, 0.4357089394868666]
[0.0, 0.6995593698847825]
[0.0, -0.17806673500611248]
[0.0, -0.28832117762849124]
[0.0, -0.056556965695315]
[0.0, -1.3339193057745868]
[0.0, 1.0748435066448385]
[0.0, 1.6151629479030931]
[0.0, 1.2475937747933854]
[0.0, 1.1806092816133662]
[0.0, 1.8460912808997079]
[0.0, 1.3395994147039165]
[0.0, -0.01506253009787035]
[0.0, -0.6077497276575776]
[0.0, 0.10948856848934671]
[0.0, 1.106501124952647]
[0.0, 0.3245542658470442]
[0.0, 1.6015789292411693]
[0.0, 0.4555872442143052]
[0.0, 0.10483813990393913]
[0.0, -0.9425854249712183]
[0.0, 0.8692983228279714]
[0.0, 1.29438929525595]
[0.0, 0.07245676526879918]
[0.0, 0.08375871896241988]
[0.0, 0.8257146223352312]
[0.0, 0.37092327977522327]
[0.0, 1.3674203213168847]
[0.0, -0.42246708379908615]
[0.0, 0.9584617428970774]
[0.0, 0.5541077950925817]
[0.0, 0.6258618465839907]
[0.0, 0.8590719597729513]
[0.0, -0.3287516361557336]
[0.0, 1.4460640094503836]
[0.0, 0.052746481453049984]
[0.0, -0.45200017935528786]
[0.0, 1.6009629520324455]
[0.0, 0.239739093701671]
[0.0, 1.348419268928524]
[0.0, 1.5165609083590166]
[0.0, -0.5687082690593006]
[0.0, 1.2299398271867854]
[0.0, -0.07355454988840524]
[0.0, 0.2996337414370269]
[0.0, 1.0887096434660557]
[0.0, -0.33373529018901704]
[0.0, 0.6405698684689906]
[0.0, 0.7946268001161747]
[0.0, 2.476736786058177]
[0.0, 0.05523857472243949]
[0.0, 0.5272099307136677]
[0.0, 0.5119055333143028]
[0.0, 1.1061111029533959]
[1.0, 0.242020799629406]
[2.0, 1.3883006440859866]
[0.0, -0.16334314468772904]
[0.0, 0.2534199772809861]
[0.0, -0.8740343757452862]
[0.0, 0.5006870324926431]
[0.0, -0.5418250657931538]
[0.0, 0.058083025386122304]
[0.0, 1.39226590381604]
[0.0, -0.7633408210524031]
[0.0, 1.2519924360627361]
[0.0, 1.1288705074621543]
[0.0, 1.6946410171659567]
[1.0, 1.62927854943785]
[0.0, 1.7610549341510617]
[0.0, 1.0222188013583076]
[1.0, 4.182611975595828]
[0.0, 1.5177949092709846]
[0.0, 0.2917702661238841]
[0.0, 0.1057437549458044]
[0.0, 0.5907050650654908]
[0.0, -0.08808142912111552]
[0.0, -1.3940149471544392]
[0.0, -1.0882849386764233]
[0.0, -0.9495845442311514]
[0.0, 1.3104178646124032]
[0.0, 0.7239684484975796]
[0.0, 1.7420580796034915]
[0.0, 1.6298074803721416]
[0.0, 0.18007228717580154]
[0.0, 1.399811675735953]
[0.0, 0.03701512021201]
[0.0, -0.6840774443136001]
[0.0, 0.43305911512091405]
[0.0, 0.45559325039336696]
[1.0, 1.0046745356395925]
[0.0, 1.4893370931461507]
[0.0, 0.7998283702256489]
[0.0, -1.7025535595860928]
[0.0, 0.521611516152311]
[0.0, -0.27481439815083797]
[0.0, 0.8563841886401373]
[0.0, -0.6032515199953742]
[0.0, 1.419702383761204]
[0.0, 0.27131645545251704]
[0.0, 0.7655988686687698]
[0.0, 0.5352107796244887]
[0.0, 0.726605479751267]
[0.0, 2.1672911417904217]
[0.0, 1.9012922850240557]
[0.0, 0.7537355777266646]
[0.0, -1.0166026092284293]
[0.0, 0.028600875660473406]
[0.0, 2.0558117078813227]
[0.0, 0.9681700608561171]
[0.0, -0.5583231098979349]
[0.0, -0.01678814186655292]
[0.0, 0.7301070465157328]
[1.0, 1.6652563810912517]
[0.0, 0.43505996444751116]
[0.0, 1.5747324551862194]
[0.0, 1.6757175906705564]
[0.0, 1.835395978064465]
[0.0, 1.6101022144622956]
[0.0, 1.184880451088696]
[0.0, 1.0056579550820741]
[0.0, 0.16248726511720007]
[0.0, -1.316724884397958]
[0.0, -0.24132155495692634]
[0.0, 1.156259891753826]
[0.0, 1.730575677206297]
[0.0, -0.21405117691748862]
[0.0, -0.49710083951555506]
[0.0, 1.5425299869538847]
[0.0, 1.3508635403374523]
[0.0, 1.6469101158537716]
[0.0, 1.5196332835050292]
[0.0, 0.8492447622411466]
[0.0, 1.8244014866542155]
[0.0, 1.445389151649073]
[0.0, 0.018836154736108647]
[0.0, 1.243318923370019]
[0.0, 0.09499405184883096]
[0.0, -1.38103476470766]
[0.0, 0.7424240268920449]
[0.0, 1.2822180615635472]
[0.0, 0.8727492913140718]
[0.0, 0.7310055036753496]
[0.0, -0.16297062030635479]
[0.0, -0.20736967505420048]
[0.0, 1.5539323331677872]
[0.0, 0.4515676090311128]
[0.0, 0.9314274772705963]
[0.0, 0.6252735375372894]
[0.0, 0.10826008520887523]
[0.0, 2.1389671283865845]
[0.0, 0.7688217799210241]
[0.0, 0.5445410164472894]
[0.0, -1.0548280847059286]
[0.0, -0.13182486086276535]
[0.0, 0.3503355016081534]
[0.0, -0.3572033027735583]
[0.0, 0.5848803071656078]
[0.0, 1.8516970759365479]
[0.0, 0.1657088821258949]
[0.0, 1.4111661036677239]
[0.0, 1.1545017849758135]
[0.0, 0.6947465753508335]
[0.0, 0.7473404793733924]
[0.0, -0.7094467942430216]
[0.0, -0.1344647917033886]
[0.0, -0.6713579715096262]
[0.0, 0.6836528729906661]
[0.0, -0.9520198171610339]
[0.0, 0.26415447532455294]
[0.0, 0.42873789691940634]
[0.0, 0.8710772726440702]
[0.0, -0.3778171123714015]
[0.0, 1.5623648123683915]
[0.0, -0.3464170048619225]
[0.0, -0.21909592985213563]
[0.0, 0.7534963506002884]
[0.0, -0.09603265395426125]
[0.0, -0.6236219432718558]
[0.0, 1.739046944239198]
[0.0, 1.3752589197823066]
[0.0, 0.4818538495255177]
[0.0, 0.024441287545923854]
[0.0, 0.8160290785069133]
[0.0, 1.0504953630776954]
[0.0, -0.941678421290082]
[0.0, 0.19383078570467835]
[0.0, 0.043360275430402995]
[1.0, 2.3375613266386837]
[0.0, 1.6823457376884143]
[0.0, 1.016409558871473]
[0.0, 1.745607590309364]
[0.0, 2.4252997316553633]
[0.0, 1.2807557151601527]
[0.0, -0.9897770293108785]
[0.0, 0.4831220160116003]
[0.0, 1.3865502562627743]
[1.0, -0.11980542098148883]
[0.0, 2.1577350133477387]
[0.0, 1.1965427688478742]
[0.0, -0.7389333319033601]
[1.0, 0.8371417466761876]
[0.0, 0.48400573584345774]
[0.0, 0.22001993726371172]
[0.0, 0.2722696088502178]
[0.0, 1.237993300102126]
[0.0, 0.23904437545781002]
[0.0, 0.9007969313506258]
[0.0, 1.63075808608626]
[0.0, 1.4359206057523128]
[0.0, -0.3710220017060936]
[0.0, -1.1144032099777288]
[0.0, -0.2603970565650264]
[0.0, 0.5421095536997051]
[0.0, 1.807897800110593]
[0.0, -0.8674501998190446]
[0.0, 1.6040464022560794]
[0.0, 0.5638887326046929]
[0.0, 0.3470127629193265]
[0.0, 1.7855524450726974]
[0.0, 0.7952196806039812]
[0.0, 0.11145463637559448]
[0.0, -0.12440520499795588]
[0.0, -1.2713183675228907]
[0.0, 0.9694522863384206]
[0.0, 1.229687371910705]
[0.0, 0.9419566451215444]
[0.0, 0.8994367455688018]
[0.0, 2.1255893163701587]
[0.0, 1.1743879777031143]
[0.0, 0.307504027629374]
[0.0, 1.1508058076110366]
[0.0, 0.24556628043157117]
[0.0, -0.6456206981164772]
[0.0, 0.2627593024623559]
[0.0, 1.1146749085426504]
[0.0, 1.035933661822424]
[0.0, -0.39319821774460056]
[0.0, 0.5528047711617436]
[0.0, -1.1507410266781397]
[0.0, 0.6106434237368081]
[0.0, -0.8015899500507183]
[0.0, 0.6264306503545907]
[0.0, 1.1757900054739705]
[0.0, 1.0783922034643196]
[0.0, -0.07438335163670107]
[0.0, -0.4012707729634297]
[0.0, 0.11181483981847722]
[0.0, 0.8028729670952236]
[1.0, 3.0534257004386665]
[0.0, -0.9527052886120355]
[0.0, 1.5463470974777276]
[0.0, 0.7310488773813467]
[0.0, 0.7789344594051106]
[0.0, 1.2071788999877922]
[0.0, -0.9012185584065489]
[0.0, 1.4905999849397904]
[0.0, -0.1607253370088632]
[0.0, 0.5715871559424786]
[0.0, -1.2839926216874413]
[0.0, 0.13606631914748119]
[0.0, -0.5400761109899168]
[0.0, 0.058582563596876566]
[0.0, -0.7976782084212952]
[0.0, -1.1617769338413142]
[0.0, 1.3597512667106786]
[0.0, -0.26503159604832616]
[0.0, 0.8154095846981747]
[0.0, 0.017878215935434948]
[0.0, 0.37301412728174715]
[0.0, 0.28462640827335917]
[0.0, -0.12963126958773044]
[0.0, -0.21722052557821087]
[0.0, -0.5479073855595792]
[0.0, -0.7653539925472606]
[0.0, 0.6035213284446062]
[0.0, -0.3411532187638599]
[0.0, 1.2172762572950808]
[0.0, -0.5557943623806785]
[0.0, 0.8943791547965589]
[0.0, -1.335936465733084]
[0.0, 0.46706829486722734]
[0.0, 1.1841473281769481]
[0.0, -0.5746730663689414]
[0.0, 0.7613316686302773]
[0.0, -1.1030842344662297]
[0.0, -0.0003958807836271375]
[0.0, -0.6483580511980436]
[0.0, 0.017664506519184265]
[0.0, 0.4730347014760734]
[0.0, -0.10097539685401644]
[0.0, 0.8792853462345873]
[0.0, 1.2421569162657815]
[0.0, -0.281847509755434]
[0.0, 0.15060745499591838]
[0.0, 0.1275990370219625]
[0.0, -0.19352403884127511]
[0.0, 1.431804495988567]
[0.0, -0.38079481734305337]
[0.0, 0.30678440839031584]
[0.0, -0.7398412014205099]
[0.0, -0.18460666629119837]
[0.0, 0.5049468414335736]
[0.0, 0.4249993061495605]
[0.0, -0.41680915604921726]
[0.0, 0.5867509674095366]
[0.0, 0.08708753908336134]
[0.0, 0.7189993708234146]
[0.0, 0.33127024514461634]
[0.0, 0.856579218875078]
[0.0, -0.923658880451968]
[0.0, -0.2564280141383252]
[0.0, 1.6142083547412742]
[0.0, 0.8241383992134335]
[0.0, 1.044206559968429]
[0.0, 0.23635100277890844]
[0.0, -1.7433770602028116]
[0.0, 2.322027815092116]
[0.0, 2.386657073123156]
[0.0, -0.23083521858346062]
[0.0, 0.3745548292451545]
[0.0, 0.4889176485967208]
[0.0, -1.2439257544604627]
[0.0, 0.4772268887406678]
[0.0, -0.9370279005046103]
[0.0, 0.5810416921361355]
[0.0, 1.7567395809268835]
[0.0, -0.02189896285733823]
[0.0, 0.8383363419144757]
[0.0, -0.5575533674105558]
[0.0, 0.2326637310267953]
[0.0, 1.3582921473420901]
[0.0, -0.3154508318964202]
[0.0, 2.5276409846623227]
[1.0, 2.0985924720475757]
[0.0, 0.7439418539636514]
[0.0, -0.40917414715518186]
[0.0, -0.3554124050763381]
[0.0, 0.4227609294309541]
[0.0, 1.7726197430292483]
[0.0, 0.7861039524097458]
[0.0, -0.7384584086410797]
[0.0, -0.009999845457521063]
[0.0, -1.7644791749065742]
[0.0, -0.6797187655611937]
[0.0, -0.531969301372366]
[0.0, 1.0213092410691693]
[0.0, -0.6694232260420772]
[1.0, 2.403731683698698]
[1.0, 2.546669329350549]
[0.0, 1.5661085584873156]
[0.0, 0.046175840154624566]
[0.0, 1.116863488350631]
[0.0, 0.6103244896799456]
[0.0, 1.05695427985286]
[0.0, -1.6141189369062472]
[0.0, -0.5925699025403264]
[0.0, -0.7192317834155455]
[0.0, 1.684438081493849]
[0.0, -1.219829512726902]
[1.0, 2.9508342703030337]
[0.0, -0.1674375033055974]
[0.0, 0.27881033216680196]
[0.0, -0.8180758206549822]
[0.0, 1.084325270343333]
[0.0, 0.9274416287760673]
[0.0, -1.1013601755481992]
[0.0, -0.4525455152082855]
[0.0, -0.06310253716326653]
[0.0, 1.0612991781244827]
[1.0, 4.229204666204969]
[0.0, 0.43398309186722595]
[0.0, 0.10956326494012655]
[0.0, -0.3972583586471795]
[0.0, 2.025358183825649]
[0.0, 0.6232922632292736]
[0.0, 1.4261263357946181]
[0.0, 1.1313479552445076]
[0.0, 1.2273631246546444]
[0.0, 0.6610497965042853]
[0.0, 0.4191452335346758]
[0.0, 0.7057529022364049]
[0.0, -0.46932155736484205]
[0.0, 0.1240428411651902]
[0.0, 0.41363397857792905]
[0.0, 1.5463963632233506]
[0.0, -0.10484877006293322]
[0.0, 1.2897028142047513]
[0.0, 1.6161436923709476]
[0.0, 0.5262360492282383]
[0.0, -0.7701380248375347]
[0.0, 1.2177946798710446]
[0.0, 0.58960668520445]
[0.0, 0.2944270442806789]
[0.0, 1.1646827358085807]
[0.0, 1.6873164627992197]
[0.0, 0.9027191330956177]
[0.0, -0.6642922953240784]
[0.0, -0.19965836096310657]
[0.0, 0.24195928237070957]
[0.0, 0.5343847617753399]
[0.0, 0.007267422640077277]
[0.0, -0.37560225264220914]
[0.0, -1.5097379240203264]
[0.0, 1.4398256705664632]
[0.0, 0.37860116810160005]
[0.0, 0.12262117111427862]
[0.0, 0.26664333650747907]
[0.0, 0.2976727596141532]
[1.0, 1.4951472766822256]
[0.0, 0.40813491486756454]
[0.0, 0.5426977655320576]
[1.0, 3.4658797504221224]
[0.0, 1.16471612574496]
[0.0, 1.4239628323609956]
[0.0, 0.8389157101180694]
[0.0, -0.7914726211957416]
[0.0, 1.4793808557470618]
[0.0, -0.3648552550766266]
[0.0, 2.1210700242966603]
[0.0, 0.08799098768098124]
[0.0, -0.4858110545742553]
[0.0, 0.8154556096606275]
[0.0, 1.3042607423947976]
[0.0, 2.0849277688417813]
[0.0, 1.252357431918144]
[0.0, -0.53227256401817]
[0.0, -0.5567969816486745]
[0.0, -0.40497197220157133]
[0.0, -0.0515643087051819]
[0.0, 0.8070942391203731]
[0.0, -0.0058459648207736855]
[0.0, 1.7603438920581642]
[0.0, 0.3337908694669838]
[0.0, -1.1200744479527693]
[0.0, 1.2726307504685836]
[0.0, -0.6755514215223961]
[0.0, 0.3629323553239486]
[0.0, 0.5455729989858659]
[0.0, 2.6807773536392085]
[0.0, 1.2641385268125647]
[0.0, -0.7901973675500786]
[0.0, 0.21309148764878966]
[0.0, 0.8218797267378446]
[0.0, 1.898236941642868]
[0.0, 0.4693053971546005]
[1.0, 2.148299324211745]
[0.0, -0.2745466890266783]
[0.0, 2.501862298742704]
[0.0, -0.9504147230211241]
[1.0, 1.2903023014508719]
[0.0, 0.019657433988115147]
[0.0, -0.5064820340814279]
[0.0, 1.277257077124205]
[0.0, 1.3779836180382143]
[0.0, 1.4193561467532207]
[0.0, 0.3369255062242148]
[0.0, 1.7841070625952375]
[0.0, 1.1030789378563328]
[0.0, 1.7839106971084069]
[0.0, 0.39775100095420135]
[0.0, 2.18589414736215]
[0.0, 0.8476388981801736]
[0.0, 1.3091114109652067]
[0.0, 1.2950755702160184]
[0.0, -0.16635394065538267]
[0.0, 0.6893204864728119]
[0.0, -0.2631575521732692]
[0.0, 0.2714711054691164]
[0.0, -0.709811715790697]
[0.0, 1.1191379123899634]
[0.0, 0.6702467070179094]
[0.0, 0.2512398524629442]
[0.0, 1.0663651030336674]
[0.0, 2.487638478903321]
[0.0, 1.9063064227426831]
[0.0, 0.2663211523632357]
[0.0, 0.99945426143058]
[0.0, -0.11373359677669108]
[0.0, -0.49248981303128714]
[0.0, 0.69352821687467]
[0.0, -0.0876934991468354]
[0.0, -0.20635662409251854]
[0.0, -0.05113960244549279]
[0.0, -1.0344041884015613]
[0.0, 1.7740898607623563]
[0.0, 1.0176728123178937]
[0.0, 0.7741196184804515]
[0.0, 0.4799341732558304]
[1.0, 0.04158941851150713]
[0.0, -0.6797469257899571]
[0.0, -0.32933183785905323]
[0.0, 1.0045878132022428]
[0.0, 1.5960240212295154]
[0.0, 1.2106492786761769]
[0.0, 0.7529454382486084]
[0.0, 1.3003742302429706]
[0.0, -0.12586600097750938]
[0.0, 0.9231908516654646]
[0.0, 0.4293582419815255]
[0.0, 0.3691545701575083]
[0.0, 1.0960294263246386]
[0.0, 0.7723759261416514]
[0.0, -0.4336102123763488]
[0.0, 0.7058082524399822]
[0.0, 1.2656479023005132]
[0.0, 0.4919816501298225]
[0.0, -0.30654731122710277]
[0.0, -0.003060110666397265]
[0.0, -1.457115209674867]
[0.0, -0.8426470386641772]
[0.0, -0.14583324053164703]
[0.0, 0.6829232794228081]
[0.0, 0.5801480441902815]
[0.0, 1.2651399581401757]
[0.0, 2.011525971497107]
[0.0, 0.536725717062794]
[0.0, 1.4317794807351385]
[0.0, 2.658463985437881]
[0.0, 0.5900036719645436]
[0.0, 1.1434716331247654]
[0.0, 0.9658117377835511]
[0.0, 1.1064506680997277]
[0.0, -0.32824777330270766]
[0.0, -0.3187261392965774]
[0.0, 0.5672149044623244]
[0.0, -1.5399180306735734]
[0.0, 0.42681355956390465]
[0.0, -0.7213922823971024]
[0.0, -0.3884023227418487]
[1.0, 1.8055300291213308]
[0.0, -0.7489770301252106]
[0.0, -0.9006168724853605]
[0.0, -1.6399952878346324]
[0.0, -0.3506083535785468]
[0.0, 2.3564008355535195]
[0.0, -0.02940738555147289]
[0.0, 0.21763570777476626]
[0.0, 1.4772165547771805]
[0.0, 1.0819288317824838]
[0.0, 0.6608121259284349]
[0.0, 0.8668444014636183]
[0.0, 0.6322181402671093]
[0.0, 0.6337562684726037]
[0.0, -0.31729246933232563]
[0.0, 0.4085018216830707]
[0.0, 1.3479601900788747]
[0.0, 0.7646636579266687]
[0.0, 0.08243571469628914]
[0.0, 1.2083569019120315]
[0.0, -0.46825603370858176]
[0.0, 0.9341849444389057]
[0.0, 0.3942575437979669]
[0.0, -0.8834836578567513]
[0.0, 0.9561029765470551]
[0.0, 1.7698831581781924]
[0.0, -0.3545429702331561]
[0.0, 0.4787029619225829]
[0.0, 0.743984531321313]
[0.0, 0.1606820514785691]
[0.0, -1.3654811406309926]
[0.0, -1.696538878916233]
[0.0, 0.5187253311879749]
[0.0, 0.648792039673339]
[0.0, 0.8669579093844926]
[0.0, -0.4373021466485856]
[0.0, -0.20316572858114218]
[0.0, -0.8778738400809412]
[0.0, 0.15439677883046027]
[0.0, 1.6630483635185191]
[0.0, 0.19073136888236297]
[0.0, 1.5455351714901073]
[0.0, 0.04848216527584247]
[1.0, 0.9456392066699583]
[0.0, 1.2071306155289285]
[0.0, 0.9189228197686001]
[0.0, 0.55369582539682]
[0.0, 0.6020088882811343]
[0.0, 0.5280928310319655]
[0.0, -0.027311115143613292]
[0.0, 0.1967653715455156]
[0.0, 1.243453439627259]
[0.0, -0.5806260583380504]
[0.0, 1.75911313394184]
[0.0, -0.4462053111427273]
[0.0, 0.7327620942024958]
[0.0, 1.186434355404053]
[0.0, 0.1611617731922799]
[0.0, 0.86045776685674]
[0.0, -0.10801192475023372]
[0.0, 0.20469052310325214]
[0.0, 1.3850338619712728]
[0.0, 1.6415921153886723]
[0.0, 1.419281998824047]
[0.0, 0.5887077517722074]
[0.0, 0.634766062542406]
[0.0, 1.0575025084105523]
[0.0, 0.5747612943236248]
[0.0, 0.7757434210126599]
[0.0, 0.43990118189377747]
[0.0, 0.7421856754802254]
[0.0, 1.2189832450823266]
[0.0, 0.47595639485139374]
[0.0, 1.337839503458658]
[0.0, 0.7692371610548319]
[0.0, 0.9672911821452955]
[0.0, -0.5294975075969554]
[0.0, 0.39726254494557395]
[0.0, 0.3179597357956792]
[0.0, 1.167418775958702]
[0.0, 0.8138771908184875]
[0.0, 1.3797818242441118]
[0.0, 0.3078931238349253]
[0.0, 1.7948229280550259]
[0.0, 0.026638783509164037]
[0.0, -0.026340466728833382]
[0.0, 0.8981419030270523]
[0.0, 1.7495005574414864]
[0.0, -0.3669783341362331]
[0.0, 1.8688139496105662]
[0.0, -0.1645436198363837]
[0.0, 1.2835579793146363]
[0.0, 2.5242902379927488]
[0.0, -0.010947584827272726]
[0.0, 0.7791189468266868]
[0.0, 0.15053335034570936]
[1.0, 1.5382721019675685]
[0.0, -0.0001922613739679009]
[0.0, -0.18024821902414856]
[0.0, 0.33967389402136106]
[0.0, 0.9074157687614679]
[0.0, 0.5781131204206665]
[0.0, -0.6143473054464902]
[0.0, -1.546974056237185]
[1.0, 0.6911299663496666]
[0.0, -1.093923037006713]
[0.0, 1.8862505673601444]
[0.0, 0.7753104719418794]
[0.0, 1.1415622574839719]
[0.0, 0.8831764969917582]
[0.0, 1.4251342541228345]
[0.0, 0.640016582887681]
[0.0, 0.3466549607042617]
[0.0, 1.1176252918758967]
[0.0, 0.7529386080156826]
[0.0, 1.7988861056534342]
[0.0, 2.358246211192326]
[0.0, -0.5012825400528031]
[0.0, 1.1995317418943576]
[0.0, 0.06965546858351264]
[0.0, -0.2999573448851664]
[0.0, 0.9263305094829413]
[0.0, 1.0562690458409407]
[0.0, -1.193002327468528]
[0.0, 0.5319025268570904]
[0.0, 0.8828264685037011]
[0.0, 0.01887022726553144]
[0.0, 0.8205373198680035]
[0.0, 0.24627090105073648]
[0.0, 0.26108266308555766]
[0.0, 0.7629796448958215]
[0.0, -0.10447806805976347]
[0.0, 0.3408107166508049]
[0.0, -0.2567021751986234]
[0.0, 1.6346553936129202]
[0.0, 1.3009533341689759]
[1.0, -0.10414925887630833]
[0.0, 0.5971228732024007]
[0.0, 0.7334368601361161]
[0.0, 1.823449430237545]
[0.0, 1.017839850836613]
[0.0, 1.0651469682998382]
[0.0, 0.23753424646369062]
[0.0, 1.7644037620563642]
[0.0, 2.4545518744510657]
[0.0, -0.0019143788817166194]
[0.0, -0.0005461409615945996]
[0.0, -0.43215103342413064]
[0.0, 1.5515856640345966]
[0.0, 0.8740204057771872]
[0.0, -1.4192113912778732]
[1.0, 4.603299072609555]
[0.0, 0.005586356099144284]
[0.0, 0.4628483452299599]
[0.0, 1.1766001429674324]
[0.0, -0.263276044810468]
[0.0, 1.320152710607694]
[0.0, 1.3489024474890812]
[0.0, 1.0137401384971192]
[0.0, 0.039233151449542765]
[0.0, 0.940761882037583]
[0.0, -0.5481667364203919]
[0.0, 0.8091239933794678]
[0.0, -1.1234175030667966]
[1.0, 3.19634936682655]
[0.0, 0.2964652247164459]
[0.0, 1.2514089925565097]
[0.0, -0.6732318330537008]
[0.0, -0.6432321817277576]
[0.0, 0.5159296904640847]
[0.0, -0.5077461765541531]
[0.0, -1.3705452511213434]
[0.0, 0.0016577085363691652]
[0.0, 0.25914655775041145]
[0.0, 1.771397725084028]
[0.0, 1.9393332917932102]
[0.0, 0.8111785257304363]
[0.0, -0.40745193873883817]
[0.0, 1.3977910996790075]
[0.0, -1.5612110660503473]
[0.0, -1.2879666502353257]
[0.0, 1.953668799130478]
[0.0, -0.4727396309535089]
[0.0, 0.015627195829250644]
[0.0, 0.9422017850593954]
[0.0, 0.33726664209255797]
[0.0, 0.22159078298705387]
[0.0, 1.2908015949420657]
[0.0, 0.3900585145036758]
[0.0, 1.812489622880857]
[0.0, -0.15958588442889898]
[0.0, -0.1302888302554523]
[0.0, 2.0698773791507996]
[0.0, 1.4438152272565725]
[0.0, -0.34316449548878714]
[0.0, 0.7525252914349895]
[0.0, 0.5735264360816205]
[1.0, 0.44739342487118194]
[0.0, 0.14885197827061933]
[1.0, 2.4487736969139933]
[0.0, -0.19395054082084864]
[0.0, 0.9377136410181002]
[0.0, 1.3215328660449355]
[0.0, 0.9885968864233379]
[0.0, 1.7801939458473723]
[0.0, -0.15381320263871445]
[0.0, -0.610774812046873]
[0.0, 1.2945701685417628]
[0.0, 0.8097593549179029]
[0.0, 0.8345418041108361]
[0.0, 0.5832140108918672]
[0.0, -0.053643992891221536]
[0.0, 0.9422006171889278]
[0.0, -0.4113917635683733]
[0.0, 0.5958815349026276]
[0.0, 0.7483317436410599]
[0.0, 0.605966612811125]
[0.0, 0.6340326827028957]
[0.0, -0.13465411802317717]
[0.0, 0.7727936109037752]
[0.0, 0.04062060369937318]
[0.0, 0.5235595676512582]
[0.0, 0.2410076348588554]
[0.0, 2.070519705858065]
[0.0, -1.4131344656715767]
[0.0, 0.1210185877059884]
[0.0, 1.2213624197282875]